----------------------------------------------
input_file: input/testg6.bmp
output_file: /dev/null
label_size: 8
range_size: 4
T: 16.00
Vpq(fp, fq) = (fp - fq)^2
height 3, width 3
Energy (before): 112
subsets :
0 1 2 3 
Number of vertices: 38
Number of edges: 360
----------   Edges   --------
   No.            capacity   
    1: ( 37,  1), 0.000000
    2: ( 37,  2), 0.000000
    3: ( 37,  3), ∞
    4: ( 37,  4), ∞
    5: ( 37,  5), 0.000000
    6: ( 37,  6), 0.000000
    7: ( 37,  7), 0.000000
    8: ( 37,  8), 0.000000
    9: ( 37,  9), ∞
   10: (  1, 10), 0.000000
   11: ( 10, 19), 0.000000
   12: ( 19, 28), 0.000000
   13: ( 28, 37), 0.000000
   14: (  2, 11), 0.000000
   15: ( 11, 20), 0.000000
   16: ( 20, 29), -32.000000
   17: ( 29, 38), -32.000000
   18: (  3, 12), 0.000000
   19: ( 12, 21), -2.000000
   20: ( 21, 30), -1.000000
   21: ( 30, 39), 0.000000
   22: (  4, 13), 48.000000
   23: ( 13, 22), 49.000000
   24: ( 22, 31), 50.000000
   25: ( 31, 40), 51.000000
   26: (  5, 14), 0.000000
   27: ( 14, 23), 0.000000
   28: ( 23, 32), 0.000000
   29: ( 32, 41), 0.000000
   30: (  6, 15), 0.000000
   31: ( 15, 24), 0.000000
   32: ( 24, 33), 0.000000
   33: ( 33, 42), 0.000000
   34: (  7, 16), -32.000000
   35: ( 16, 25), -32.000000
   36: ( 25, 34), -32.000000
   37: ( 34, 43), 0.000000
   38: (  8, 17), 0.000000
   39: ( 17, 26), 0.000000
   40: ( 26, 35), 0.000000
   41: ( 35, 44), 0.000000
   42: (  9, 18), 32.000000
   43: ( 18, 27), 33.000000
   44: ( 27, 36), 34.000000
   45: ( 36, 45), 35.000000
   46: ( 37, 38), 0.000000
   47: ( 38, 38), 0.000000
   48: ( 39, 38), 3.000000
   49: ( 40, 38), 0.000000
   50: ( 41, 38), 0.000000
   51: ( 42, 38), 0.000000
   52: ( 43, 38), 0.000000
   53: ( 44, 38), 0.000000
   54: ( 45, 38), 3.000000
   55: ( 10,  1), 0.000000
   56: ( 19, 10), 0.000000
   57: ( 28, 19), 0.000000
   58: ( 37, 28), 0.000000
   59: ( 11,  2), 0.000000
   60: ( 20, 11), 0.000000
   61: ( 29, 20), 0.000000
   62: ( 38, 29), 0.000000
   63: ( 12,  3), ∞
   64: ( 21, 12), ∞
   65: ( 30, 21), ∞
   66: ( 39, 30), ∞
   67: ( 13,  4), ∞
   68: ( 22, 13), ∞
   69: ( 31, 22), ∞
   70: ( 40, 31), ∞
   71: ( 14,  5), 0.000000
   72: ( 23, 14), 0.000000
   73: ( 32, 23), 0.000000
   74: ( 41, 32), 0.000000
   75: ( 15,  6), 0.000000
   76: ( 24, 15), 0.000000
   77: ( 33, 24), 0.000000
   78: ( 42, 33), 0.000000
   79: ( 16,  7), 0.000000
   80: ( 25, 16), 0.000000
   81: ( 34, 25), 0.000000
   82: ( 43, 34), 0.000000
   83: ( 17,  8), 0.000000
   84: ( 26, 17), 0.000000
   85: ( 35, 26), 0.000000
   86: ( 44, 35), 0.000000
   87: ( 18,  9), ∞
   88: ( 27, 18), ∞
   89: ( 36, 27), ∞
   90: ( 45, 36), ∞
   91: ( 10, 11), 0.000000
   92: ( 10, 20), 0.000000
   93: ( 10, 29), 0.000000
   94: ( 19, 11), 0.000000
   95: ( 19, 20), 0.000000
   96: ( 19, 29), 0.000000
   97: ( 28, 11), 0.000000
   98: ( 28, 20), 0.000000
   99: ( 28, 29), 0.000000
  100: ( 11, 12), 0.000000
  101: ( 11, 21), 0.000000
  102: ( 11, 30), 0.000000
  103: ( 20, 12), 0.000000
  104: ( 20, 21), 0.000000
  105: ( 20, 30), 0.000000
  106: ( 29, 12), 0.000000
  107: ( 29, 21), 0.000000
  108: ( 29, 30), 0.000000
  109: ( 13, 14), 0.000000
  110: ( 13, 23), 0.000000
  111: ( 13, 32), 0.000000
  112: ( 22, 14), 0.000000
  113: ( 22, 23), 0.000000
  114: ( 22, 32), 0.000000
  115: ( 31, 14), 0.000000
  116: ( 31, 23), 0.000000
  117: ( 31, 32), 0.000000
  118: ( 14, 15), 0.000000
  119: ( 14, 24), 0.000000
  120: ( 14, 33), 0.000000
  121: ( 23, 15), 0.000000
  122: ( 23, 24), 0.000000
  123: ( 23, 33), 0.000000
  124: ( 32, 15), 0.000000
  125: ( 32, 24), 0.000000
  126: ( 32, 33), 0.000000
  127: ( 16, 17), 0.000000
  128: ( 16, 26), 0.000000
  129: ( 16, 35), 0.000000
  130: ( 25, 17), 0.000000
  131: ( 25, 26), 0.000000
  132: ( 25, 35), 0.000000
  133: ( 34, 17), 0.000000
  134: ( 34, 26), 0.000000
  135: ( 34, 35), 0.000000
  136: ( 17, 18), 0.000000
  137: ( 17, 27), 0.000000
  138: ( 17, 36), 0.000000
  139: ( 26, 18), 0.000000
  140: ( 26, 27), 0.000000
  141: ( 26, 36), 0.000000
  142: ( 35, 18), 0.000000
  143: ( 35, 27), 0.000000
  144: ( 35, 36), 0.000000
  145: ( 10, 13), 0.000000
  146: ( 10, 22), 0.000000
  147: ( 10, 31), 0.000000
  148: ( 19, 13), 0.000000
  149: ( 19, 22), 0.000000
  150: ( 19, 31), 0.000000
  151: ( 28, 13), 0.000000
  152: ( 28, 22), 0.000000
  153: ( 28, 31), 0.000000
  154: ( 11, 14), 0.000000
  155: ( 11, 23), 0.000000
  156: ( 11, 32), 0.000000
  157: ( 20, 14), 0.000000
  158: ( 20, 23), 0.000000
  159: ( 20, 32), 0.000000
  160: ( 29, 14), 0.000000
  161: ( 29, 23), 0.000000
  162: ( 29, 32), 0.000000
  163: ( 12, 15), 0.000000
  164: ( 12, 24), 0.000000
  165: ( 12, 33), 0.000000
  166: ( 21, 15), 0.000000
  167: ( 21, 24), 0.000000
  168: ( 21, 33), 0.000000
  169: ( 30, 15), 0.000000
  170: ( 30, 24), 0.000000
  171: ( 30, 33), 0.000000
  172: ( 13, 16), 0.000000
  173: ( 13, 25), 0.000000
  174: ( 13, 34), 0.000000
  175: ( 22, 16), 0.000000
  176: ( 22, 25), 0.000000
  177: ( 22, 34), 0.000000
  178: ( 31, 16), 0.000000
  179: ( 31, 25), 0.000000
  180: ( 31, 34), 0.000000
  181: ( 14, 17), 0.000000
  182: ( 14, 26), 0.000000
  183: ( 14, 35), 0.000000
  184: ( 23, 17), 0.000000
  185: ( 23, 26), 0.000000
  186: ( 23, 35), 0.000000
  187: ( 32, 17), 0.000000
  188: ( 32, 26), 0.000000
  189: ( 32, 35), 0.000000
  190: ( 15, 18), 0.000000
  191: ( 15, 27), 0.000000
  192: ( 15, 36), 0.000000
  193: ( 24, 18), 0.000000
  194: ( 24, 27), 0.000000
  195: ( 24, 36), 0.000000
  196: ( 33, 18), 0.000000
  197: ( 33, 27), 0.000000
  198: ( 33, 36), 0.000000
  199: ( 11, 10), 0.000000
  200: ( 20, 10), 0.000000
  201: ( 29, 10), 0.000000
  202: ( 11, 19), 0.000000
  203: ( 20, 19), 0.000000
  204: ( 29, 19), 0.000000
  205: ( 11, 28), 0.000000
  206: ( 20, 28), 0.000000
  207: ( 29, 28), 0.000000
  208: ( 12, 11), 0.000000
  209: ( 21, 11), 0.000000
  210: ( 30, 11), 0.000000
  211: ( 12, 20), 0.000000
  212: ( 21, 20), 0.000000
  213: ( 30, 20), 0.000000
  214: ( 12, 29), 0.000000
  215: ( 21, 29), 0.000000
  216: ( 30, 29), 0.000000
  217: ( 14, 13), 0.000000
  218: ( 23, 13), 0.000000
  219: ( 32, 13), 0.000000
  220: ( 14, 22), 0.000000
  221: ( 23, 22), 0.000000
  222: ( 32, 22), 0.000000
  223: ( 14, 31), 0.000000
  224: ( 23, 31), 0.000000
  225: ( 32, 31), 0.000000
  226: ( 15, 14), 0.000000
  227: ( 24, 14), 0.000000
  228: ( 33, 14), 0.000000
  229: ( 15, 23), 0.000000
  230: ( 24, 23), 0.000000
  231: ( 33, 23), 0.000000
  232: ( 15, 32), 0.000000
  233: ( 24, 32), 0.000000
  234: ( 33, 32), 0.000000
  235: ( 17, 16), 0.000000
  236: ( 26, 16), 0.000000
  237: ( 35, 16), 0.000000
  238: ( 17, 25), 0.000000
  239: ( 26, 25), 0.000000
  240: ( 35, 25), 0.000000
  241: ( 17, 34), 0.000000
  242: ( 26, 34), 0.000000
  243: ( 35, 34), 0.000000
  244: ( 18, 17), 0.000000
  245: ( 27, 17), 0.000000
  246: ( 36, 17), 0.000000
  247: ( 18, 26), 0.000000
  248: ( 27, 26), 0.000000
  249: ( 36, 26), 0.000000
  250: ( 18, 35), 0.000000
  251: ( 27, 35), 0.000000
  252: ( 36, 35), 0.000000
  253: ( 13, 10), 0.000000
  254: ( 22, 10), 0.000000
  255: ( 31, 10), 0.000000
  256: ( 13, 19), 0.000000
  257: ( 22, 19), 0.000000
  258: ( 31, 19), 0.000000
  259: ( 13, 28), 0.000000
  260: ( 22, 28), 0.000000
  261: ( 31, 28), 0.000000
  262: ( 14, 11), 0.000000
  263: ( 23, 11), 0.000000
  264: ( 32, 11), 0.000000
  265: ( 14, 20), 0.000000
  266: ( 23, 20), 0.000000
  267: ( 32, 20), 0.000000
  268: ( 14, 29), 0.000000
  269: ( 23, 29), 0.000000
  270: ( 32, 29), 0.000000
  271: ( 15, 12), 0.000000
  272: ( 24, 12), 0.000000
  273: ( 33, 12), 0.000000
  274: ( 15, 21), 0.000000
  275: ( 24, 21), 0.000000
  276: ( 33, 21), 0.000000
  277: ( 15, 30), 0.000000
  278: ( 24, 30), 0.000000
  279: ( 33, 30), 0.000000
  280: ( 16, 13), 0.000000
  281: ( 25, 13), 0.000000
  282: ( 34, 13), 0.000000
  283: ( 16, 22), 0.000000
  284: ( 25, 22), 0.000000
  285: ( 34, 22), 0.000000
  286: ( 16, 31), 0.000000
  287: ( 25, 31), 0.000000
  288: ( 34, 31), 0.000000
  289: ( 17, 14), 0.000000
  290: ( 26, 14), 0.000000
  291: ( 35, 14), 0.000000
  292: ( 17, 23), 0.000000
  293: ( 26, 23), 0.000000
  294: ( 35, 23), 0.000000
  295: ( 17, 32), 0.000000
  296: ( 26, 32), 0.000000
  297: ( 35, 32), 0.000000
  298: ( 18, 15), 0.000000
  299: ( 27, 15), 0.000000
  300: ( 36, 15), 0.000000
  301: ( 18, 24), 0.000000
  302: ( 27, 24), 0.000000
  303: ( 36, 24), 0.000000
  304: ( 18, 33), 0.000000
  305: ( 27, 33), 0.000000
  306: ( 36, 33), 0.000000
  307: (  0,  0), 0.000000
  308: (  0,  0), 0.000000
  309: (  0,  0), 0.000000
  310: (  0,  0), 0.000000
  311: (  0,  0), 0.000000
  312: (  0,  0), 0.000000
  313: (  0,  0), 0.000000
  314: (  0,  0), 0.000000
  315: (  0,  0), 0.000000
  316: (  0,  0), 0.000000
  317: (  0,  0), 0.000000
  318: (  0,  0), 0.000000
  319: (  0,  0), 0.000000
  320: (  0,  0), 0.000000
  321: (  0,  0), 0.000000
  322: (  0,  0), 0.000000
  323: (  0,  0), 0.000000
  324: (  0,  0), 0.000000
  325: (  0,  0), 0.000000
  326: (  0,  0), 0.000000
  327: (  0,  0), 0.000000
  328: (  0,  0), 0.000000
  329: (  0,  0), 0.000000
  330: (  0,  0), 0.000000
  331: (  0,  0), 0.000000
  332: (  0,  0), 0.000000
  333: (  0,  0), 0.000000
  334: (  0,  0), 0.000000
  335: (  0,  0), 0.000000
  336: (  0,  0), 0.000000
  337: (  0,  0), 0.000000
  338: (  0,  0), 0.000000
  339: (  0,  0), 0.000000
  340: (  0,  0), 0.000000
  341: (  0,  0), 0.000000
  342: (  0,  0), 0.000000
  343: (  0,  0), 0.000000
  344: (  0,  0), 0.000000
  345: (  0,  0), 0.000000
  346: (  0,  0), 0.000000
  347: (  0,  0), 0.000000
  348: (  0,  0), 0.000000
  349: (  0,  0), 0.000000
  350: (  0,  0), 0.000000
  351: (  0,  0), 0.000000
  352: (  0,  0), 0.000000
  353: (  0,  0), 0.000000
  354: (  0,  0), 0.000000
  355: (  0,  0), 0.000000
  356: (  0,  0), 0.000000
  357: (  0,  0), 0.000000
  358: (  0,  0), 0.000000
  359: (  0,  0), 0.000000
  360: (  0,  0), 0.000000
----   Source & Sink   ----
source: 37
sink: 38
G.m : 360 G.n: 38
malloc
before bk
edge: 307
